0,	0.00 ;	
86400,	0.00 ;	
172800,	0.00 ;	
259200,	0.00 ;	
345600,	0.00 ;	
432000,	85.20 ;	
518400,	47.00 ;	
604800,	28.00 ;	
691200,	21.30 ;	
777600,	19.70 ;	
864000,	0.00 ;	
950400,	0.00 ;	
1036800,	68.00 ;	
1123200,	44.70 ;	
1209600,	29.00 ;	
1296000,	35.70 ;	
1382400,	23.50 ;	
1468800,	0.00 ;	
1555200,	0.00 ;	
1641600,	86.80 ;	
1728000,	116.00 ;	
1814400,	138.40 ;	
1900800,	112.90 ;	
1987200,	128.80 ;	
2073600,	0.00 ;	
2160000,	0.00 ;	
2246400,	47.30 ;	
2332800,	85.10 ;	
2419200,	89.50 ;	
2505600,	37.90 ;	
2592000,	11.40 ;	
2678400,	0.00 ;	
2764800,	0.00 ;	
2851200,	38.90 ;	
2937600,	91.70 ;	
3024000,	49.40 ;	
3110400,	55.50 ;	
3196800,	62.70 ;	
3283200,	0.00 ;	
3369600,	0.00 ;	
3456000,	62.70 ;	
3542400,	69.90 ;	
3628800,	73.70 ;	
3715200,	53.90 ;	
3801600,	37.70 ;	
3888000,	0.00 ;	
3974400,	0.00 ;	
4060800,	38.30 ;	
4147200,	40.50 ;	
4233600,	61.30 ;	
4320000,	30.70 ;	
4406400,	50.00 ;	
4492800,	0.00 ;	
4579200,	0.00 ;	
4665600,	75.40 ;	
4752000,	33.20 ;	
4838400,	114.20 ;	
4924800,	118.90 ;	
5011200,	74.20 ;	
5097600,	0.00 ;	
5184000,	0.00 ;	
5270400,	56.06 ;	
5356800,	56.06 ;	
5443200,	56.06 ;	
5529600,	56.06 ;	
5616000,	56.06 ;	
5702400,	0.00 ;	
5788800,	0.00 ;	
5875200,	43.90 ;	
5961600,	38.20 ;	
6048000,	14.80 ;	
6134400,	21.20 ;	
6220800,	26.60 ;	
6307200,	0.00 ;	
6393600,	0.00 ;	
6480000,	34.00 ;	
6566400,	22.20 ;	
6652800,	15.90 ;	
6739200,	14.20 ;	
6825600,	29.50 ;	
6912000,	0.00 ;	
6998400,	0.00 ;	
7084800,	128.30 ;	
7171200,	60.70 ;	
7257600,	68.00 ;	
7344000,	63.30 ;	
7430400,	47.40 ;	
7516800,	0.00 ;	
7603200,	0.00 ;	
7689600,	129.80 ;	
7776000,	62.00 ;	
7862400,	75.40 ;	
7948800,	60.60 ;	
8035200,	11.80 ;	
8121600,	0.00 ;	
8208000,	0.00 ;	
8294400,	0.00 ;	
8380800,	2.10 ;	
8467200,	0.00 ;	
8553600,	0.00 ;	
8640000,	0.00 ;	
8726400,	0.00 ;	
8812800,	0.00 ;	
8899200,	0.00 ;	
8985600,	12.40 ;	
9072000,	31.70 ;	
9158400,	0.00 ;	
9244800,	0.00 ;	
9331200,	0.00 ;	
9417600,	0.00 ;	
9504000,	10.80 ;	
9590400,	10.40 ;	
9676800,	2.00 ;	
9763200,	0.00 ;	
9849600,	0.00 ;	
9936000,	0.00 ;	
10022400,	0.00 ;	
10108800,	0.00 ;	
10195200,	0.00 ;	
10281600,	0.00 ;	
10368000,	0.00 ;	
10454400,	0.00 ;	
10540800,	0.00 ;	
10627200,	0.00 ;	
10713600,	5.00 ;	
10800000,	2.10 ;	
10886400,	0.00 ;	
10972800,	7.60 ;	
11059200,	0.00 ;	
11145600,	0.00 ;	
11232000,	0.00 ;	
11318400,	37.30 ;	
11404800,	21.50 ;	
11491200,	13.00 ;	
11577600,	25.30 ;	
11664000,	16.40 ;	
11750400,	0.00 ;	
11836800,	0.00 ;	
11923200,	0.00 ;	
12009600,	0.00 ;	
12096000,	0.00 ;	
12182400,	0.00 ;	
12268800,	0.00 ;	
12355200,	0.00 ;	
12441600,	0.00 ;	
12528000,	0.00 ;	
12614400,	0.00 ;	
12700800,	0.00 ;	
12787200,	0.00 ;	
12873600,	0.00 ;	
12960000,	0.00 ;	
13046400,	0.00 ;	
13132800,	0.00 ;	
13219200,	0.00 ;	
13305600,	0.00 ;	
13392000,	0.00 ;	
13478400,	0.00 ;	
13564800,	0.00 ;	
13651200,	0.00 ;	
13737600,	0.00 ;	
13824000,	0.00 ;	
13910400,	0.00 ;	
13996800,	0.00 ;	
14083200,	0.00 ;	
14169600,	0.00 ;	
14256000,	0.00 ;	
14342400,	0.00 ;	
14428800,	0.00 ;	
14515200,	0.00 ;	
14601600,	0.00 ;	
14688000,	0.00 ;	
14774400,	0.00 ;	
14860800,	0.00 ;	
14947200,	0.00 ;	
15033600,	0.00 ;	
15120000,	0.00 ;	
15206400,	0.00 ;	
15292800,	0.00 ;	
15379200,	0.00 ;	
15465600,	0.00 ;	
15552000,	0.00 ;	
15638400,	0.00 ;	
15724800,	0.00 ;	
15811200,	0.00 ;	
15897600,	0.00 ;	
15984000,	0.00 ;	
16070400,	0.00 ;	
16156800,	0.00 ;	
16243200,	0.00 ;	
16329600,	0.00 ;	
16416000,	0.00 ;	
16502400,	0.00 ;	
16588800,	0.00 ;	
16675200,	0.00 ;	
16761600,	0.00 ;	
16848000,	0.00 ;	
16934400,	0.00 ;	
17020800,	0.00 ;	
17107200,	0.00 ;	
17193600,	0.00 ;	
17280000,	0.00 ;	
17366400,	0.00 ;	
17452800,	0.00 ;	
17539200,	0.00 ;	
17625600,	0.00 ;	
17712000,	0.00 ;	
17798400,	0.00 ;	
17884800,	0.00 ;	
17971200,	0.00 ;	
18057600,	0.00 ;	
18144000,	0.00 ;	
18230400,	0.00 ;	
18316800,	0.00 ;	
18403200,	0.00 ;	
18489600,	0.00 ;	
18576000,	0.00 ;	
18662400,	0.00 ;	
18748800,	0.00 ;	
18835200,	0.00 ;	
18921600,	0.00 ;	
19008000,	0.00 ;	
19094400,	0.00 ;	
19180800,	0.00 ;	
19267200,	0.00 ;	
19353600,	0.00 ;	
19440000,	0.00 ;	
19526400,	0.00 ;	
19612800,	0.00 ;	
19699200,	0.00 ;	
19785600,	0.00 ;	
19872000,	0.00 ;	
19958400,	0.00 ;	
20044800,	0.00 ;	
20131200,	0.00 ;	
20217600,	0.00 ;	
20304000,	0.00 ;	
20390400,	0.00 ;	
20476800,	0.00 ;	
20563200,	0.00 ;	
20649600,	0.00 ;	
20736000,	0.00 ;	
20822400,	0.00 ;	
20908800,	0.00 ;	
20995200,	0.00 ;	
21081600,	0.00 ;	
21168000,	0.00 ;	
21254400,	0.00 ;	
21340800,	0.00 ;	
21427200,	0.00 ;	
21513600,	0.00 ;	
21600000,	0.00 ;	
21686400,	0.00 ;	
21772800,	0.00 ;	
21859200,	0.00 ;	
21945600,	0.00 ;	
22032000,	0.00 ;	
22118400,	0.00 ;	
22204800,	0.00 ;	
22291200,	0.00 ;	
22377600,	0.00 ;	
22464000,	0.00 ;	
22550400,	0.00 ;	
22636800,	0.00 ;	
22723200,	0.00 ;	
22809600,	0.00 ;	
22896000,	0.00 ;	
22982400,	0.00 ;	
23068800,	0.00 ;	
23155200,	0.00 ;	
23241600,	0.00 ;	
23328000,	0.00 ;	
23414400,	13.90 ;	
23500800,	3.50 ;	
23587200,	2.50 ;	
23673600,	1.80 ;	
23760000,	5.10 ;	
23846400,	0.00 ;	
23932800,	0.00 ;	
24019200,	13.20 ;	
24105600,	12.30 ;	
24192000,	8.00 ;	
24278400,	5.60 ;	
24364800,	2.30 ;	
24451200,	0.00 ;	
24537600,	0.00 ;	
24624000,	18.10 ;	
24710400,	18.60 ;	
24796800,	40.10 ;	
24883200,	40.20 ;	
24969600,	40.90 ;	
25056000,	0.00 ;	
25142400,	0.00 ;	
25228800,	78.10 ;	
25315200,	33.00 ;	
25401600,	13.00 ;	
25488000,	2.60 ;	
25574400,	0.00 ;	
25660800,	0.00 ;	
25747200,	0.00 ;	
25833600,	68.40 ;	
25920000,	56.20 ;	
26006400,	40.40 ;	
26092800,	46.80 ;	
26179200,	23.40 ;	
26265600,	0.00 ;	
26352000,	0.00 ;	
26438400,	5.70 ;	
26524800,	51.00 ;	
26611200,	64.01 ;	
26697600,	99.30 ;	
26784000,	67.90 ;	
26870400,	0.00 ;	
26956800,	0.00 ;	
27043200,	63.00 ;	
27129600,	37.00 ;	
27216000,	27.20 ;	
27302400,	58.60 ;	
27388800,	56.90 ;	
27475200,	0.00 ;	
27561600,	0.00 ;	
27648000,	93.30 ;	
27734400,	56.70 ;	
27820800,	40.50 ;	
27907200,	74.40 ;	
27993600,	86.90 ;	
28080000,	0.00 ;	
28166400,	0.00 ;	
28252800,	112.40 ;	
28339200,	82.60 ;	
28425600,	96.10 ;	
28512000,	72.60 ;	
28598400,	99.00 ;	
28684800,	0.00 ;	
28771200,	0.00 ;	
28857600,	189.60 ;	
28944000,	142.00 ;	
29030400,	89.70 ;	
29116800,	175.00 ;	
29203200,	117.30 ;	
29289600,	0.00 ;	
29376000,	0.00 ;	
29462400,	203.00 ;	
29548800,	172.40 ;	
29635200,	160.60 ;	
29721600,	190.10 ;	
29808000,	126.40 ;	
29894400,	0.00 ;	
29980800,	0.00 ;	
30067200,	131.40 ;	
30153600,	99.60 ;	
30240000,	89.60 ;	
30326400,	71.80 ;	
30412800,	76.60 ;	
30499200,	0.00 ;	
30585600,	0.00 ;	
30672000,	147.70 ;	
30758400,	92.60 ;	
30844800,	0.00 ;	
30931200,	0.00 ;	
31017600,	0.00 ;	
31104000,	0.00 ;	
31190400,	0.00 ;	
31276800,	0.00 ;	
31363200,	0.00 ;	
31449600,	0.00 ;	
31536000,	0.00 ;	
